111111111111111111111111111111111111111
1                 21                  1
1                 22                  1
1                 22                  1
1    11112222     22      11112222    1
1                 21                  1
1               212222                1
1               222222                1
1                 21                  1
1                 21                  1
1                 22                  1
1                 22                  1
1                 22                  1
1                 21                  1
1                                     1
1                                     1
1                                     1
1                 21                  1
1    11112222     22     11112222     1
1                 22                  1
1                 21                  1
1               212222                1
1               222222                1
1                 21                  1
1                 22                  1
1                 22                  1
111111111111111111111111111111111111111