111111111111111111111111111111111111111111111111
100000000000000000000000000000000000000000000001
100000000000000000000000000000000000000000000001
100000000000000000000000000000000000000000000001
100000000000000000000000000000000000000000000001
100000000000000000000000000000000000000000000001
100000222200022220002222000222200022220002222001
100000200200020020002002000200200020020002002001
100000200200020020002002000200200020020002002001
100000200200020020002002000200200020020002002001
122222222222222222222222222222222222222222222221
100000000000000000000000000000000000000000000001
100000000000000000000000000000000000000000000001
100000000000000000000000000000000000000000000001
100000000000000000000000000000000000000000000001
100000111111000001111110000111111000111111000001
100000000001000000022200000002220000100000000001
100000000001000000022200000002220000100000000001
100000000001000000022200000002220000100000000001
100000000001000000022200000002220000100000000001
111111111111000000000000000000000000122222222221
100000000001000000000000000000000000100000000001
100000000001000000000000000000000000100000000001
100000000001000000022200000002220000100000000001
100000000001000000022200000002220000100000000001
100000111111000001111110000111111000111111000001
100000000000000000000000000000000000000000000001
100000000000000000000000000000000000000000000001
100000000000000000000000000000000000000000000001
100000000000000000000000000000000000000000000001
122222222211112221112222111222222122221222222111
100000200200020020002002000200200020020002002001
100000200200020020002002000200200020020002002001
100000200200020020002002000200200020020002002001
100000222200022220002222000222200022220002222001
100000000000000000000000000000000000000000000001
100000000000000000000000000000000000000000000001
100000000000000000000000000000000000000000000001
100000000000000000000000000000000002222200000001
100000000000000000000000000000000000000000000001
100000000000000000000000000000000000000000000001
100000000000000000000000000000000002222200000001
100000000000000000000000000000000000000000000001
100000000000000000000000000000000000000000000001
100000000000000000000000000000000002222200000001
100000000000000000000000000000000000000000000001
100000000000000000000000000000000000000000000001
111111111111111111111111111111111111111111111111